T_g =   298.20    T_s =   298.20    
P_g =  0.26128E+07RO_g =  0.23416E-02
X_g =  0.49943    X_s =  0.99209E-01
